71906
69811
74003
75288
66818
70038
157111
162671
163775
159051
142978
151858
148025
158033
150232
153191
150650
152727
328937
346358
349027
349578
339010
336650
29951
30202
27982
27500
29407
27306
497793
514727
502844
486807
475965
465864
127379
140066
138433
140030
123464
136138
246542
252065
236865
238698
232913
225057
70492
74235
76369
72045
68856
70936
68737
68112
67124
66376
60589
60132
466070
457809
452805
452141
427630
419940
143108
149105
141439
142222
145750
135845
164118
168090
170992
171043
159192
160487
32239
31713
31806
31598
25009
29241
617330
651404
633576
609917
591176
592967
247372
258361
260221
257494
246529
248098
217895
217824
224948
222053
216556
212110
750235
796549
793114
796238
772148
748198
444847
446160
442613
446854
433717
434639
549691
544775
474567
480338
455944
459249
117828
118091
118178
107814
114686
112387